96
9
8 11 329 353 403 495 603 680 961
14
77 202 241 274 291 391 395 437 487 636 732 753 855 940
11
140 174 226 238 243 344 404 548 615 644 647
9
85 235 247 351 399 408 479 791 901
13
115 186 286 312 428 459 607 688 731 749 767 822 922
14
62 72 265 271 392 457 534 575 578 587 652 720 924 973
9
9 158 178 206 234 727 745 865 879
7
18 86 138 467 515 520 609
10
210 350 378 464 470 712 783 806 851 882
8
39 180 410 453 635 639 642 837
12
92 195 276 311 352 477 508 589 668 684 798 850
11
101 107 128 214 402 456 480 499 620 873 996
14
24 105 314 538 730 751 782 784 852 853 880 885 980 981
9
109 132 166 360 481 600 729 813 956
9
49 165 184 255 309 339 384 812 995
9
223 230 330 525 531 710 793 835 992
14
4 69 175 217 326 342 394 631 659 673 789 792 821 991
7
251 505 701 714 736 785 893
13
27 67 131 307 310 357 474 626 708 771 818 937 979
9
173 368 504 716 723 769 878 931 982
9
10 117 157 260 281 721 744 858 965
9
40 90 239 268 322 601 703 752 787
8
3 57 66 237 388 440 949 987
9
73 127 136 181 693 774 831 868 977
11
68 111 151 204 272 407 606 638 661 665 717
7
154 162 213 323 585 591 805
14
31 159 445 561 637 711 739 794 828 862 874 895 897 934
12
21 54 91 121 250 294 551 576 632 786 871 943
14
19 38 219 264 413 501 542 690 758 877 927 933 945 976
10
130 189 397 468 557 653 804 826 861 910
14
37 218 315 446 540 573 643 677 707 719 741 902 915 978
9
116 152 348 530 583 682 811 930 946
7
112 336 376 380 432 923 935
10
59 96 215 485 498 526 544 743 844 967
9
149 207 299 580 676 762 802 881 890
8
301 372 436 463 488 694 695 912
10
33 185 313 318 321 325 553 558 888 951
7
15 198 269 511 660 757 948
10
28 103 379 497 550 577 675 702 848 975
14
139 221 263 417 541 593 705 795 809 820 859 914 970 983
14
46 205 316 444 564 595 621 624 713 854 894 942 944 969
10
22 254 283 288 298 337 529 616 748 842
10
48 51 106 293 455 471 489 536 645 990
9
95 119 187 598 761 776 781 920 926
9
171 203 231 252 424 484 570 697 706
13
144 248 267 287 302 439 486 523 646 670 740 755 939
8
55 82 150 304 354 414 800 988
14
47 75 108 134 229 273 426 490 572 608 658 833 883 962
14
190 244 381 441 521 586 669 679 685 686 759 775 814 963
10
211 355 594 610 689 699 738 836 891 917
12
36 60 76 135 303 734 764 773 801 803 830 884
8
58 193 317 465 628 824 876 955
12
25 133 406 524 549 655 747 840 857 875 896 909
7
52 253 340 502 510 584 966
9
17 78 282 472 726 834 919 938 958
12
142 145 280 290 466 612 625 733 779 797 823 968
8
168 228 262 367 398 450 503 941
9
29 261 362 447 519 590 839 932 953
10
32 63 200 220 358 365 386 567 664 766
14
94 163 192 266 327 416 579 657 667 921 928 947 986 994
13
12 41 148 208 295 390 537 623 698 778 832 905 984
12
16 53 300 460 475 582 650 696 770 777 816 886
14
2 100 122 188 225 359 443 454 494 592 614 735 750 863
11
80 120 177 335 385 599 604 687 817 827 998
7
160 167 242 602 724 815 864
11
13 26 141 164 257 430 509 681 718 900 916
12
44 143 224 278 328 513 552 666 889 908 974 993
13
35 147 347 356 496 613 634 649 692 756 760 847 911
8
6 70 161 412 535 866 959 964
8
345 389 423 469 482 527 532 904
14
56 79 93 296 319 478 555 556 560 619 654 678 903 997
11
14 64 102 172 240 387 442 512 763 838 907
10
20 183 212 343 516 562 796 807 929 989
13
30 110 123 338 341 401 448 611 617 656 737 799 952
9
99 182 258 400 421 633 671 899 925
9
23 87 429 476 547 704 780 819 829
13
50 71 83 113 124 129 277 297 306 514 571 629 913
10
125 137 194 305 364 375 396 715 722 870
9
34 88 334 363 683 742 841 954 999
13
1 156 196 236 245 256 409 528 640 754 788 867 936
7
270 425 539 663 725 849 906
7
74 169 232 433 434 500 746
14
5 43 97 209 308 332 405 438 449 451 473 522 588 768
14
81 199 201 227 331 382 427 461 533 622 641 700 728 765
8
0 104 146 155 418 419 568 845
14
222 285 333 393 411 543 545 554 581 618 691 843 869 985
9
61 249 383 420 507 566 569 630 648
8
45 452 458 492 493 559 898 960
12
42 126 191 233 275 292 324 361 435 563 808 872
9
320 366 374 415 431 462 506 627 957
8
114 176 377 517 546 605 846 972
13
7 98 246 346 370 422 483 574 597 662 674 825 856
10
153 197 279 284 369 491 518 565 651 892
10
84 89 179 216 596 672 772 790 887 918
9
65 118 170 289 349 371 373 709 971
4
259 810 860 950

